3 0.29819270833333333 0.6996328671328671 0.08956770833333333 0.23484265734265736
5 0.2860260416666666 0.6890996503496504 0.033854166666666664 0.017482517482517484
3 0.426734375 0.5749125874125874 0.07159375 0.22031468531468532
5 0.4227447916666666 0.5164597902097903 0.036458333333333336 0.016022727272727272
3 0.5764843749999999 0.6001223776223776 0.07155729166666666 0.22109265734265734
5 0.5789947916666667 0.5514248251748252 0.032984374999999996 0.024763986013986012
3 0.17814583333333334 0.3293793706293706 0.08140625 0.17280594405594404
5 0.15017187499999998 0.32124125874125875 0.022567708333333332 0.021853146853146852
3 0.5101614583333334 0.1418706293706294 0.047385416666666666 0.14041083916083916
5 0.5073802083333333 0.10635489510489511 0.025171875 0.017482517482517484
3 0.43012500000000004 0.07127622377622378 0.04755729166666667 0.1295541958041958
5 0.427953125 0.03569055944055944 0.017359375 0.018942307692307692
3 0.6723281249999999 0.07786713286713287 0.04494270833333334 0.11793706293706292
5 0.6670989583333333 0.053907342657342656 0.019963541666666664 0.014571678321678324