2 0.38839062500000004 0.629729020979021 0.2109375 0.5454195804195805
5 0.378046875 0.8271066433566434 0.06019791666666666 0.039965034965034965
3 0.6650104166666666 0.7908479020979021 0.07609375 0.23254370629370627
5 0.66546875 0.8160052447552447 0.04101041666666667 0.024423076923076926
3 0.5965572916666667 0.496687062937063 0.056359374999999996 0.20289335664335664
5 0.5996510416666666 0.447972027972028 0.030427083333333334 0.017762237762237763
3 0.7102187499999999 0.4040297202797203 0.049359375 0.1603583916083916
5 0.7104479166666666 0.4088374125874126 0.025796875 0.01166083916083916
3 0.522296875 0.3336101398601398 0.041734375 0.1576311188811189
5 0.5232447916666667 0.31640734265734266 0.02645833333333333 0.02109265734265734
3 0.45942187500000004 0.21618006993006994 0.04615104166666666 0.15216783216783217
5 0.45693229166666666 0.1904020979020979 0.02480729166666667 0.01887237762237762
3 0.16340104166666666 0.4646153846153846 0.09418750000000001 0.19478146853146855
5 0.13230208333333335 0.4710052447552448 0.025135416666666667 0.018321678321678324