3 0.4791979166666666 0.7619755244755245 0.08766145833333333 0.2508916083916084
5 0.47590625000000003 0.7124213286713287 0.035479166666666666 0.028479020979020976
2 0.640859375 0.8143444055944056 0.23933854166666665 0.2638199300699301
3 0.6968489583333334 0.6613548951048951 0.08641145833333333 0.1506993006993007
5 0.7057552083333333 0.6830769230769231 0.045765625000000004 0.023304195804195803
3 0.8125625 0.7087237762237762 0.0715 0.2454370629370629
5 0.82196875 0.6528671328671328 0.035479166666666666 0.023304195804195803
3 0.8755416666666667 0.55125 0.05844791666666667 0.20611013986013985
5 0.8695364583333334 0.5117657342657344 0.033937499999999995 0.020708041958041958
3 0.6751302083333334 0.47747377622377624 0.066234375 0.1619055944055944
5 0.6779895833333334 0.4453146853146853 0.031364583333333335 0.022438811188811192
3 0.532484375 0.287263986013986 0.05738541666666667 0.16276223776223775
5 0.5355520833333334 0.24638986013986014 0.026223958333333335 0.0163986013986014
3 0.6581145833333333 0.287263986013986 0.06368229166666667 0.12831293706293706
5 0.6625624999999999 0.2709877622377622 0.026223958333333335 0.017263986013986012
3 0.7403020833333334 0.2545367132867133 0.05425520833333333 0.1593181818181818
5 0.747921875 0.22136363636363637 0.025197916666666667 0.019851398601398604
3 0.8218020833333333 0.21477272727272725 0.07082291666666667 0.16477272727272727
5 0.8230000000000001 0.1868444055944056 0.025197916666666667 0.01812062937062937
3 0.7126041666666667 0.1084090909090909 0.04948958333333333 0.12200174825174824
5 0.7162968749999999 0.09147727272727273 0.02159895833333333 0.013811188811188813
3 0.6253697916666667 0.14243006993006993 0.053619791666666666 0.1297465034965035
5 0.6265677083333333 0.138513986013986 0.019026041666666667 0.011215034965034966
3 0.4437291666666667 0.09491258741258742 0.04955729166666667 0.12317307692307693
5 0.43579687500000003 0.06472902097902097 0.022109375 0.017263986013986012
3 0.5065885416666667 0.05327797202797203 0.04230729166666667 0.09793706293706295
5 0.5046979166666666 0.024597902097902098 0.018000000000000002 0.014667832167832169
3 0.60065625 0.043225524475524475 0.028140625 0.08645104895104895
5 0.5990572916666667 0.019851398601398604 0.018510416666666665 0.017263986013986012
3 0.6798489583333333 0.05183566433566433 0.03598958333333333 0.10368006993006992
5 0.6821041666666667 0.03625 0.022109375 0.010358391608391608
3 0.3746927083333333 0.39780594405594405 0.07297916666666666 0.18861013986013986
5 0.37331770833333333 0.33916083916083917 0.027765625000000002 0.018986013986013985
2 0.3251458333333333 0.12596153846153846 0.175625 0.2519230769230769
5 0.2969583333333333 0.21100524475524474 0.034453125 0.023304195804195803
2 0.11866666666666667 0.7897552447552447 0.23733333333333334 0.30643356643356645