2 0.42684375 0.5979787234042553 0.21467968750000002 0.4350531914893617
5 0.4129921875 0.7732047872340426 0.0537578125 0.03
3 0.6842109375 0.6136436170212766 0.059781249999999994 0.24413563829787235
5 0.68528125 0.5685771276595745 0.0382734375 0.02720744680851064
3 0.9415625000000001 0.4953856382978723 0.11688281250000002 0.22602393617021277
5 0.9888281250000001 0.5364228723404255 0.022343750000000002 0.025558510638297872
0 0.7169921875 0.13017287234042554 0.0963203125 0.24409574468085107
5 0.7187109375 0.1434840425531915 0.0237421875 0.02143617021276596
3 0.63553125 0.2657712765957447 0.051703125 0.13533244680851064
5 0.638046875 0.24615691489361705 0.0271328125 0.022260638297872337
3 0.4555859375 0.28097074468085104 0.053421874999999994 0.15053191489361703
5 0.458546875 0.24986702127659574 0.0295546875 0.018138297872340427
4 0.1142421875 0.0800531914893617 0.2055546875 0.1601063829787234
5 0.09325781250000001 0.1480186170212766 0.032460937499999995 0.02390957446808511
3 0.48111718750000004 0.04111702127659575 0.05090625 0.08222074468085107