3 0.41164843749999996 0.11796195652173912 0.0592890625 0.13391304347826088
5 0.41314062500000004 0.12205163043478261 0.023 0.011834239130434784
3 0.49548437500000003 0.48552989130434787 0.07740625 0.18192934782608697
5 0.491046875 0.4416168478260869 0.027945312500000003 0.015692934782608695
3 0.6225546875 0.5051902173913043 0.079328125 0.19794836956521739
5 0.629234375 0.46430706521739135 0.0307890625 0.021508152173913043
3 0.7496328125 0.6522146739130434 0.0879453125 0.2008559782608696
5 0.747015625 0.6253940217391305 0.0309140625 0.021508152173913043
3 0.284015625 0.8426630434782609 0.071875 0.20133152173913044
5 0.2789453125 0.8220108695652174 0.0368828125 0.025760869565217392
3 0.44456249999999997 0.9115760869565217 0.12066406249999999 0.1333967391304348