2 0.42881250000000004 0.5570367132867133 0.20066145833333332 0.5130244755244755
5 0.4301197916666667 0.7182430069930069 0.049479166666666664 0.03787587412587413
2 0.24214583333333334 0.37893356643356646 0.23618229166666668 0.3797202797202797
5 0.19357812500000002 0.5099038461538462 0.045140625000000004 0.029134615384615384
3 0.7261458333333334 0.5909090909090909 0.068765625 0.22675699300699304
5 0.7352135416666666 0.5959178321678322 0.0313125 0.023190559440559443
3 0.5892812500000001 0.2330681818181818 0.05545833333333334 0.14698426573426573
5 0.5921354166666667 0.1965909090909091 0.023932291666666668 0.013802447552447552
3 0.46169270833333337 0.25737762237762235 0.05288541666666667 0.09398601398601399
5 0.4636927083333333 0.2530769230769231 0.029515625 0.019117132867132867
2 0.43971875 0.09755244755244755 0.126125 0.1951048951048951
5 0.4335625 0.17032342657342656 0.032963541666666665 0.019265734265734264
3 0.7466510416666666 0.28715034965034963 0.039468750000000004 0.16993006993006993
5 0.74609375 0.26005244755244755 0.03211979166666667 0.03350524475524475
3 0.7632552083333334 0.11697552447552446 0.041416666666666664 0.10819055944055944
5 0.7625208333333333 0.12157342657342658 0.021135416666666667 0.01486013986013986