2 0.3847083333333333 0.42564685314685313 0.1931875 0.4436363636363636
2 0.417578125 0.784020979020979 0.24851041666666665 0.3211888111888112
5 0.3880208333333333 0.5907604895104895 0.05034895833333333 0.027683566433566436
3 0.219859375 0.24262237762237762 0.06401041666666667 0.16496503496503495
5 0.21875 0.2076048951048951 0.03125 0.021853146853146852
3 0.6481666666666667 0.2153846153846154 0.049859375000000004 0.13508741258741258
5 0.6493072916666667 0.20250874125874124 0.026041666666666668 0.014571678321678324
3 0.7230624999999999 0.17639860139860142 0.05356770833333333 0.15051573426573425
5 0.7291666666666666 0.15443181818181817 0.03125 0.02039335664335664
3 0.5822708333333334 0.11322552447552447 0.04826041666666667 0.11423951048951049
5 0.584203125 0.07867132867132867 0.022567708333333332 0.026223776223776224
3 0.8560625000000001 0.5996153846153847 0.07197916666666666 0.1596765734265734
5 0.8559010416666666 0.5769230769230769 0.045140625000000004 0.026223776223776224
2 0.7209322916666667 0.6534615384615384 0.20416666666666666 0.578041958041958
3 0.7902864583333333 0.3001311188811189 0.05048958333333333 0.10110139860139859
2 0.45146875000000003 0.14020104895104893 0.175765625 0.28040209790209786