3 0.12097916666666667 0.33750874125874125 0.08943229166666668 0.18257867132867134
5 0.09201562499999999 0.2993881118881119 0.022567708333333332 0.024763986013986012
2 0.3283802083333333 0.4954195804195804 0.22780208333333332 0.4565384615384615
5 0.3055572916666666 0.6934702797202797 0.05555729166666667 0.043706293706293704
3 0.5668697916666667 0.5671940559440559 0.07240625 0.22258741258741258
5 0.5616302083333333 0.5609003496503496 0.032984374999999996 0.026223776223776224
2 0.4413489583333333 0.04265734265734265 0.13099479166666667 0.0853146853146853
5 0.4309895833333333 0.0473513986013986 0.030380208333333332 0.016022727272727272
3 0.6185885416666667 0.19372377622377623 0.05063541666666667 0.1520716783216783
5 0.615375 0.15387237762237763 0.024973958333333334 0.015568181818181818
3 0.7351041666666667 0.24993006993006994 0.05568229166666667 0.16423076923076924
5 0.7338125000000001 0.2119493006993007 0.024973958333333334 0.011975524475524475
3 0.83615625 0.6000262237762237 0.06133854166666666 0.1520716783216783
2 0.7253489583333333 0.6991433566433567 0.23241666666666666 0.4923688811188811
5 0.822640625 0.5789685314685314 0.037098958333333334 0.020358391608391608
3 0.9567447916666667 0.7316171328671329 0.07283333333333333 0.22669580419580418
5 0.9674791666666667 0.665777972027972 0.037098958333333334 0.02395104895104895
3 0.7044010416666667 0.1380681818181818 0.041291666666666664 0.14402097902097902
5 0.70028125 0.10178321678321678 0.022119791666666666 0.019160839160839164
3 0.6567604166666666 0.08419580419580419 0.03492708333333334 0.11708916083916084
5 0.6599687500000001 0.04490384615384615 0.022833333333333334 0.017963286713286713