2 0.2798125 0.6319281914893616 0.26437499999999997 0.5115159574468086
5 0.252734375 0.8164893617021277 0.06640625 0.047872340425531915
3 0.4555859375 0.879122340425532 0.0668125 0.15392287234042554
5 0.457421875 0.8743351063829787 0.04765625 0.03324468085106383
3 0.7727890625 0.7432978723404255 0.078453125 0.292593085106383
5 0.76640625 0.6555851063829787 0.05 0.031914893617021274
2 0.32934375 0.2294414893617021 0.1736953125 0.30206117021276596
5 0.30859375 0.35638297872340424 0.0515625 0.034574468085106384
3 0.5359375 0.1945345744680851 0.060101562500000004 0.1667154255319149
5 0.53359375 0.15093085106382978 0.0296875 0.017287234042553192
3 0.47553124999999996 0.10477393617021277 0.0620703125 0.1638563829787234
5 0.47421875 0.06914893617021277 0.0265625 0.023936170212765957
3 0.7535390625 0.10501329787234043 0.046656249999999996 0.1557845744680851
5 0.752734375 0.07247340425531915 0.02734375 0.014627659574468085