3 0.5461562499999999 0.8585926573426573 0.08898958333333334 0.15564685314685314
5 0.5611979166666666 0.9236625874125874 0.04600520833333333 0.029134615384615384
3 0.34452083333333333 0.662465034965035 0.06853645833333334 0.266013986013986
5 0.3511302083333333 0.6694318181818182 0.033854166666666664 0.03350524475524475
3 0.5158854166666667 0.49502622377622374 0.059708333333333335 0.18462412587412588
5 0.5204010416666667 0.49897727272727277 0.03211979166666667 0.027683566433566436
5 0.7816822916666666 0.5346765734265734 0.025171875 0.02039335664335664
3 0.4931041666666667 0.24645104895104894 0.04278645833333334 0.12453671328671329
5 0.4973958333333333 0.24111013986013985 0.024307291666666668 0.021853146853146852
3 0.7279375 0.21558566433566434 0.051515624999999995 0.13710664335664335
5 0.7369791666666666 0.20032342657342656 0.024307291666666668 0.021853146853146852
2 0.50825 0.05603146853146853 0.130046875 0.11206293706293706
5 0.4986979166666667 0.06701923076923078 0.03558854166666667 0.029134615384615384
3 0.1716875 0.31473776223776223 0.09006249999999999 0.16496503496503495
5 0.15060937500000002 0.2862762237762238 0.026911458333333336 0.018942307692307692