3 0.21041145833333333 0.831555944055944 0.20396875 0.21957167832167832
5 0.28006770833333333 0.8714248251748251 0.030630208333333336 0.037456293706293706
3 0.6080052083333333 0.665743006993007 0.08157291666666668 0.1938986013986014
5 0.6128697916666667 0.6599038461538461 0.03719791666666667 0.0330506993006993
3 0.70678125 0.4622465034965034 0.07430729166666666 0.18462412587412588
5 0.7163645833333334 0.4425087412587413 0.03501041666666667 0.02130244755244755
3 0.768953125 0.3316783216783217 0.061760416666666665 0.1507604895104895
5 0.7640625 0.3169143356643357 0.03150520833333333 0.02277097902097902
2 0.48317187500000003 0.07788461538461539 0.12708854166666667 0.15576923076923077
5 0.4807135416666667 0.11200174825174825 0.03632291666666666 0.028645104895104898
0 0.25630729166666666 0.24289335664335665 0.16294791666666666 0.26603146853146853
5 0.22186979166666668 0.2515472027972028 0.027130208333333336 0.027176573426573425