3 0.5880104166666666 0.46886363636363637 0.0775 0.19944055944055944
5 0.583328125 0.42306818181818184 0.03259895833333334 0.025402097902097902
2 0.395125 0.2896066433566434 0.17235416666666667 0.41189685314685315
5 0.380734375 0.4709440559440559 0.04773958333333333 0.02736013986013986
3 0.7551145833333333 0.3808916083916084 0.06869270833333332 0.18329545454545454
5 0.7594322916666666 0.3409965034965035 0.03202083333333333 0.019545454545454546
3 0.832296875 0.4055157342657343 0.07177083333333334 0.14717657342657342
5 0.8403541666666666 0.39277972027972025 0.03434895833333333 0.01368006993006993
3 0.8259479166666667 0.639187062937063 0.08124479166666668 0.2270716783216783
5 0.8298749999999999 0.5964947552447553 0.03202083333333333 0.018566433566433563
3 0.8980260416666667 0.8081468531468531 0.06805729166666666 0.20162587412587413
5 0.9014791666666666 0.7630856643356644 0.03667708333333333 0.02736013986013986
3 0.9242708333333333 0.6590297202797203 0.07964062499999999 0.13979895104895104
5 0.9268072916666666 0.6570716783216783 0.03259895833333334 0.022473776223776224
3 0.7305833333333334 0.21152972027972028 0.052234375000000006 0.11818181818181817
5 0.7323645833333334 0.19003496503496503 0.02678125 0.016608391608391608
4 0.18377083333333333 0.640340909090909 0.36754166666666666 0.6020017482517483
3 0.9712447916666667 0.8933741258741259 0.05751041666666667 0.10941433566433567
0 0.7450208333333334 0.748784965034965 0.16380208333333332 0.3949388111888112