1 0.1085234375 0.07209239130434783 0.2052734375 0.14418478260869566
5 0.087765625 0.12610054347826088 0.03496875 0.02563858695652174
3 0.482234375 0.07721467391304347 0.0620625 0.13391304347826088
5 0.4794609375 0.0685733695652174 0.029828125 0.014307065217391304
3 0.3710546875 0.465883152173913 0.071859375 0.2125
5 0.3745546875 0.3789130434782609 0.029140624999999996 0.02324728260869565
3 0.5668984375 0.22933423913043477 0.061765625000000005 0.17029891304347827
5 0.5672265624999999 0.1985461956521739 0.0263984375 0.02027173913043478
3 0.756046875 0.8472826086956522 0.1052421875 0.22995923913043478
5 0.75715625 0.81625 0.0380546875 0.028614130434782607
3 0.6655234375 0.04369565217391304 0.0536484375 0.08739130434782608