3 0.64634375 0.836791958041958 0.09471875 0.20952797202797202
5 0.6541458333333333 0.8025874125874125 0.041749999999999995 0.02548076923076923
3 0.7558854166666666 0.6391958041958042 0.06807291666666666 0.1862674825174825
5 0.7587864583333332 0.5546241258741259 0.027651041666666668 0.020926573426573426
2 0.6766458333333334 0.30344405594405593 0.14429166666666668 0.3709265734265734
5 0.6799010416666668 0.43359265734265734 0.048796874999999997 0.030026223776223777
2 0.46526562499999996 0.44448426573426575 0.18242708333333332 0.28896853146853146
2 0.4838229166666667 0.19728146853146852 0.14141145833333332 0.3015472027972028
5 0.48308854166666665 0.3025611888111888 0.044458333333333336 0.019108391608391607
3 0.6009166666666667 0.19433566433566432 0.05102604166666667 0.12835664335664335
5 0.605078125 0.1637937062937063 0.026026041666666666 0.01638111888111888
3 0.77478125 0.2558741258741259 0.04475 0.11854020979020981
5 0.7755937500000001 0.23249125874125876 0.0233125 0.01729020979020979
3 0.8210364583333334 0.32168706293706295 0.041291666666666664 0.11526223776223778
5 0.8222239583333334 0.2975611888111888 0.0233125 0.014562937062937063
3 0.8421041666666667 0.4086451048951049 0.045036458333333335 0.15427447552447554
5 0.8430989583333334 0.3876398601398601 0.018432291666666666 0.014562937062937063
3 0.8827395833333332 0.4855419580419581 0.05911979166666667 0.153006993006993
5 0.8872864583333333 0.4663548951048951 0.022229166666666668 0.019108391608391607
2 0.4595677083333333 0.7572552447552447 0.19967708333333334 0.36817307692307694
2 0.4927708333333333 0.08963286713286714 0.14889583333333334 0.179256993006993
3 0.7922552083333334 0.5037587412587412 0.05215104166666666 0.12791958041958043
3 0.9405104166666667 0.7691083916083916 0.066953125 0.08048076923076923
3 0.7052447916666666 0.08646853146853146 0.038182291666666666 0.06092657342657343