3 0.2374375 0.21777097902097903 0.08353645833333333 0.16883741258741258
5 0.24175520833333333 0.19740384615384615 0.0234375 0.016022727272727272
2 0.4149791666666667 0.29262237762237764 0.19122395833333333 0.40375
2 0.39511979166666666 0.7097290209790209 0.25046874999999996 0.4611363636363636
5 0.40234375 0.4567307692307692 0.04600520833333333 0.036424825174825176
2 0.5983906250000001 0.07023601398601398 0.13096875 0.14047202797202796
5 0.5941822916666666 0.09979895104895105 0.03211979166666667 0.018942307692307692
3 0.6517708333333334 0.40460664335664337 0.078875 0.17861888111888113
5 0.6614583333333334 0.37441433566433563 0.027776041666666664 0.023312937062937064
3 0.7316770833333333 0.6258653846153847 0.10847395833333334 0.20154720279720278
5 0.736109375 0.5601660839160839 0.03472395833333333 0.018942307692307692