2 0.5233645833333334 0.42100524475524476 0.1892447916666667 0.40485139860139857
5 0.51953125 0.6038723776223777 0.0546875 0.036424825174825176
3 0.31359895833333334 0.44913461538461535 0.048364583333333336 0.1825
5 0.31640625 0.3984527972027972 0.026911458333333336 0.024763986013986012
3 0.9585104166666666 0.7700961538461538 0.08297916666666666 0.24424825174825177
5 0.9791666666666666 0.8180332167832168 0.041666666666666664 0.018942307692307692
3 0.6854635416666667 0.1686013986013986 0.03688020833333334 0.13604895104895104
5 0.6927083333333334 0.1318444055944056 0.020833333333333332 0.021853146853146852
3 0.6228072916666666 0.05961538461538462 0.031364583333333335 0.11801573426573425
5 0.6215260416666666 0.042246503496503496 0.017359375 0.017482517482517484
3 0.7172031249999999 0.05821678321678321 0.048078125 0.11643356643356642
5 0.712671875 0.05098776223776224 0.017359375 0.014571678321678324
3 0.4633229166666667 0.15276223776223777 0.037911458333333335 0.13714160839160838
3 0.4055520833333333 0.08173951048951049 0.03434375 0.11310314685314685
5 0.4657135416666666 0.13111888111888112 0.028645833333333332 0.02039335664335664
5 0.4075520833333333 0.056818181818181816 0.019963541666666664 0.02039335664335664
3 0.47292708333333333 0.027622377622377625 0.028468749999999998 0.05524475524475525