2 0.4126927083333333 0.5619405594405594 0.23352083333333334 0.4757954545454545
5 0.3871510416666667 0.7226136363636363 0.05902604166666667 0.029134615384615384
3 0.7006197916666667 0.4737150349650349 0.07240104166666667 0.2250437062937063
5 0.7057291666666666 0.4159353146853147 0.03125 0.021853146853146852
3 0.8487135416666667 0.4545891608391608 0.069109375 0.17805944055944056
5 0.8563385416666667 0.4210402097902098 0.028645833333333332 0.017482517482517484
3 0.9175572916666667 0.6354195804195804 0.06663541666666667 0.16384615384615384
5 0.91015625 0.6293706293706294 0.03211979166666667 0.026223776223776224
2 0.6716145833333333 0.0909965034965035 0.155015625 0.181993006993007
5 0.6749114583333333 0.15588286713286714 0.033854166666666664 0.029134615384615384
3 0.57303125 0.19618881118881118 0.046390625 0.15075174825174825
5 0.5735416666666667 0.15547202797202797 0.018057291666666666 0.016835664335664337
2 0.3651770833333333 0.09755244755244755 0.15671875 0.1951048951048951
5 0.34780208333333335 0.13722902097902098 0.036119791666666665 0.018522727272727274
2 0.09783333333333334 0.4204458041958042 0.19566666666666668 0.3195541958041958
2 0.7961718750000001 0.7782954545454546 0.23225520833333332 0.31846153846153846