2 0.2637760416666667 0.8714423076923077 0.250796875 0.14208916083916084
3 0.17655729166666667 0.7938636363636363 0.09719270833333334 0.17041083916083916
5 0.16840104166666667 0.7590297202797203 0.03993229166666667 0.026223776223776224
3 0.483703125 0.08747377622377622 0.04481770833333333 0.1497027972027972
5 0.4778645833333333 0.06118881118881119 0.019963541666666664 0.02039335664335664
3 0.5492864583333333 0.05824300699300699 0.03276041666666667 0.10763986013986014
5 0.5477447916666667 0.0473513986013986 0.020833333333333332 0.024763986013986012
3 0.7447812500000001 0.335 0.05291666666666666 0.1573339160839161
5 0.747828125 0.3154108391608392 0.030380208333333332 0.021853146853146852
3 0.9026770833333334 0.8391171328671329 0.061843749999999996 0.20500000000000002
5 0.900171875 0.8224038461538462 0.041666666666666664 0.03350524475524475
4 0.72340625 0.6799475524475525 0.29765625 0.5238723776223776
3 0.5736145833333333 0.5616433566433566 0.041041666666666664 0.15734265734265734