3 0.7225625 0.46333916083916077 0.16576041666666666 0.20866258741258742
5 0.7643229166666666 0.3809702797202797 0.026911458333333336 0.039335664335664336
3 0.8189114583333333 0.39587412587412585 0.06638020833333333 0.15804195804195806
5 0.826390625 0.3511101398601399 0.03819270833333333 0.029134615384615384
3 0.7923802083333332 0.22411713286713286 0.047374999999999994 0.11315559440559439
5 0.7872083333333334 0.2108653846153846 0.021895833333333333 0.019248251748251746
3 0.7495833333333334 0.1584353146853147 0.051723958333333334 0.11977272727272728
5 0.7551458333333334 0.13562062937062938 0.025546875 0.020996503496503498
4 0.397890625 0.3704632867132867 0.22735937499999997 0.5124125874125874
2 0.4382604166666667 0.0634527972027972 0.14072395833333334 0.1269055944055944
5 0.43687499999999996 0.1010576923076923 0.03544791666666667 0.018374125874125874
2 0.15991666666666668 0.13678321678321678 0.17698958333333334 0.27356643356643356
5 0.26900520833333336 0.25811188811188807 0.02919270833333333 0.022744755244755246