2 0.5537890625 0.5553590425531915 0.1817109375 0.3838164893617021
5 0.579296875 0.7293882978723404 0.05234375 0.03856382978723404
3 0.7806484375 0.7936968085106383 0.084390625 0.27808510638297873
5 0.774609375 0.7347074468085106 0.03671875 0.03324468085106383
3 0.9293906249999999 0.8676063829787235 0.09196093749999999 0.1790026595744681
5 0.93828125 0.9022606382978723 0.046875 0.03324468085106383
3 0.6895703125 0.37659574468085105 0.072109375 0.1915558510638298
5 0.68984375 0.31981382978723405 0.0390625 0.03856382978723404
3 0.6234296875 0.19477393617021277 0.0450703125 0.15626329787234045
2 0.4502578125 0.7534441489361703 0.243703125 0.4061037234042553
0 0.45600781250000005 0.11404255319148937 0.087734375 0.22511968085106382