2 0.14160416666666667 0.5884527972027972 0.23834375 0.5594667832167832
5 0.14192708333333334 0.8100262237762237 0.03558854166666667 0.029134615384615384
3 0.31083854166666663 0.48167832167832164 0.071140625 0.21298951048951048
5 0.2973072916666667 0.448715034965035 0.03211979166666667 0.017482517482517484
2 0.8089739583333333 0.5625 0.21358854166666666 0.5370629370629371
5 0.8294270833333334 0.7838024475524475 0.06336979166666666 0.029134615384615384
3 0.6451718750000001 0.29858391608391605 0.053536458333333335 0.1666520979020979
5 0.6449635416666666 0.25640734265734266 0.029515625 0.014571678321678324
3 0.7086614583333334 0.32597027972027975 0.04909895833333333 0.134493006993007
5 0.701390625 0.3052185314685315 0.024307291666666668 0.013111888111888112
3 0.795359375 0.24256118881118882 0.053182291666666666 0.10763111888111888
5 0.8020833333333334 0.23892482517482516 0.029515625 0.017482517482517484
3 0.7630885416666667 0.13026223776223778 0.04255208333333334 0.13148601398601398
5 0.76653125 0.11486888111888112 0.024562499999999998 0.023618881118881118
3 0.7140833333333333 0.17708916083916085 0.041979166666666665 0.11275349650349652
5 0.7144635416666667 0.16145104895104895 0.02328125 0.015454545454545453
3 0.62290625 0.0958041958041958 0.034270833333333334 0.09013111888111888
5 0.6222291666666667 0.08115384615384616 0.018932291666666667 0.016319930069930072
3 0.6782291666666667 0.06840909090909092 0.030359375 0.1222902097902098
5 0.6768541666666666 0.036503496503496505 0.022260416666666668 0.01201923076923077
3 0.7285052083333333 0.043924825174825176 0.026453125 0.08784965034965035
5 0.7257239583333334 0.02061188811188811 0.021234375000000003 0.017176573426573426
2 0.485765625 0.6575611888111889 0.24686458333333333 0.5567395104895104
5 0.5267135416666666 0.1935839160839161 0.17394791666666667 0.3852272727272727
2 0.4311458333333333 0.06953671328671328 0.07933333333333333 0.13906468531468533