2 0.4838229166666667 0.34259615384615383 0.15703125 0.3649125874125874
5 0.4774322916666666 0.4946066433566434 0.045140625000000004 0.027683566433566436
3 0.7357447916666667 0.6794055944055944 0.09057291666666667 0.22558566433566432
5 0.740453125 0.625 0.03819270833333333 0.026223776223776224
3 0.662359375 0.37947552447552446 0.06140625 0.17643356643356645
5 0.6605885416666666 0.34381993006993006 0.029515625 0.02039335664335664
3 0.6146770833333334 0.10304195804195804 0.050005208333333336 0.13929195804195804
5 0.61328125 0.08085664335664336 0.0234375 0.013111888111888112
2 0.450640625 0.049475524475524474 0.11245833333333333 0.09895104895104895
5 0.447484375 0.07721153846153846 0.03558854166666667 0.023312937062937064
3 0.13166666666666668 0.3248426573426573 0.114984375 0.19391608391608392
5 0.10113020833333333 0.2891870629370629 0.021703125 0.021853146853146852