2 0.487265625 0.6083828671328672 0.20559375 0.45068181818181824
5 0.48333333333333334 0.7987325174825175 0.05936458333333334 0.038068181818181814
3 0.785953125 0.8612237762237762 0.09584375 0.16657342657342658
5 0.7899635416666667 0.9051835664335665 0.03808333333333334 0.027255244755244754
3 0.8052135416666667 0.6426573426573426 0.07186458333333333 0.13173076923076923
5 0.8052239583333333 0.6452797202797204 0.03444270833333333 0.029134615384615384
3 0.6691145833333334 0.38265734265734264 0.0710625 0.18483391608391608
5 0.67375 0.3362674825174825 0.026322916666666665 0.01833041958041958
3 0.8118072916666667 0.29556818181818184 0.12478645833333334 0.17022727272727273
5 0.8402291666666667 0.2434527972027972 0.019880208333333333 0.016923076923076923
3 0.604921875 0.0931555944055944 0.04928645833333333 0.13623251748251747
5 0.6040260416666666 0.08576923076923078 0.021281249999999998 0.012692307692307692
2 0.21340625 0.3210227272727273 0.310875 0.35673076923076924
5 0.10921354166666666 0.43567307692307694 0.03864583333333334 0.03666083916083916
3 0.308046875 0.125743006993007 0.06401562499999999 0.09353146853146853
5 0.2990729166666667 0.10927447552447553 0.022401041666666666 0.014571678321678324