2 0.336734375 0.23466032608695653 0.170625 0.29354619565217394
5 0.32629687500000004 0.34237771739130435 0.0465703125 0.02839673913043478
3 0.53175 0.4549592391304348 0.078515625 0.19066576086956524
3 0.50315625 0.2999320652173913 0.0704296875 0.14846467391304347
5 0.5032109375 0.2924184782608696 0.0423359375 0.01894021739130435
5 0.5319375 0.42074728260869565 0.0320546875 0.02313858695652174
3 0.46228125000000003 0.7584782608695653 0.1002890625 0.2852717391304348
5 0.458453125 0.6973777173913043 0.039921875 0.02735054347826087
3 0.6722187500000001 0.7497418478260869 0.087125 0.27945652173913044
5 0.66590625 0.6800271739130435 0.0447578125 0.02629076086956522
3 0.506640625 0.09612771739130435 0.0550859375 0.14846467391304347
5 0.506234375 0.06100543478260869 0.0278203125 0.016834239130434782
3 0.6366484375 0.14198369565217392 0.056171875 0.1819565217391304
5 0.6389921875 0.11096467391304347 0.026007812499999998 0.017880434782608697
3 0.7599609375 0.08133152173913043 0.05725 0.14604619565217392
5 0.7596484375 0.049959239130434784 0.0217734375 0.017880434782608697